%YAML:1.0
hist_h: !!opencv-matrix
   rows: 180
   cols: 1
   dt: f
   data: [ 19., 31., 26., 39., 29., 50., 49., 46., 47., 56., 34., 41.,
       32., 31., 32., 31., 26., 23., 16., 24., 24., 16., 17., 12., 11.,
       11., 15., 7., 16., 7., 6., 8., 5., 8., 11., 11., 6., 0., 11., 3.,
       6., 7., 11., 5., 4., 7., 4., 3., 2., 5., 7., 4., 1., 1., 2., 0.,
       6., 0., 1., 1., 0., 0., 0., 2., 0., 0., 0., 0., 0., 0., 0., 0.,
       0., 0., 0., 0., 0., 0., 0., 0., 0., 0., 0., 0., 0., 0., 0., 0.,
       0., 0., 0., 0., 0., 0., 0., 0., 0., 0., 0., 0., 0., 0., 0., 0.,
       0., 0., 0., 0., 0., 0., 1., 0., 0., 0., 1., 0., 1., 0., 2., 0.,
       1., 0., 1., 1., 0., 2., 1., 3., 5., 2., 1., 1., 0., 5., 2., 7.,
       5., 4., 5., 5., 3., 4., 2., 6., 2., 3., 5., 2., 1., 2., 5., 1.,
       4., 5., 4., 4., 6., 2., 6., 3., 6., 5., 4., 2., 1., 0., 3., 1.,
       2., 0., 1., 0., 5., 1., 3., 3., 20., 24., 15., 12. ]
